Maschinelle Zuluft     :      0 m^3/h
Maschinelle Entrauchung:  72104 m^3/h

Ventilation   ID           Groesse   Geschwindigkeit   Volumenfluss Volumenfluss Gesamt
                             (m^2)             (m/s)        (m^3/s)   (m^3/s)   (m^3/h)
- Maschinelle Zuluft -
- Maschinelle Entrauchung -
ENT_288m3h    DEVC? 1         0.38              0.21           0.08                    
                                                                         0.08       288
ENT_680m3h    DEVC? 2         0.38              0.50           0.19                    
                                                                         0.19       680
ENT_720m3h    DEVC? 3         0.38              0.53           0.20                    
                                                                         0.20       720
ENT_864m3h    DEVC? 4         0.50              0.48           0.24                    
              DEVC? 5         0.38              0.64           0.24                    
              DEVC? 6         0.50              0.48           0.24                    
                                                                         0.72      2592
ENT_936m3h    DEVC? 7         0.38              0.69           0.26                    
              DEVC? 8         0.50              0.52           0.26                    
              DEVC? 9         0.38              0.69           0.26                    
              DEVC? 10        0.50              0.52           0.26                    
              DEVC? 11        0.50              0.52           0.26                    
              DEVC? 12        0.50              0.52           0.26                    
                                                                         1.56      5616
ENT_1008m3h   DEVC? 13        0.50              0.56           0.28                    
              DEVC? 14        0.50              0.56           0.28                    
              DEVC? 15        0.50              0.56           0.28                    
              DEVC? 16        0.50              0.56           0.28                    
                                                                         1.12      4032
ENT_1080m3h   DEVC? 17        0.38              0.80           0.30                    
              DEVC? 18        0.50              0.60           0.30                    
                                                                         0.60      2160
ENT_1152m3h   DEVC? 19        0.50              0.64           0.32                    
              DEVC? 20        0.50              0.64           0.32                    
              DEVC? 21        0.50              0.64           0.32                    
                                                                         0.96      3456
ENT_1224m3h   DEVC? 22        0.50              0.68           0.34                    
              DEVC? 23        0.50              0.68           0.34                    
              DEVC? 24        0.50              0.68           0.34                    
              DEVC? 25        0.50              0.68           0.34                    
              DEVC? 26        0.50              0.68           0.34                    
              DEVC? 27        0.50              0.68           0.34                    
              DEVC? 28        0.50              0.68           0.34                    
              DEVC? 29        0.50              0.68           0.34                    
              DEVC? 30        0.50              0.68           0.34                    
                                                                         3.06     11016
ENT_1296m3h   DEVC? 31        0.50              0.72           0.36                    
              DEVC? 32        0.38              0.96           0.36                    
              DEVC? 33        0.38              0.96           0.36                    
              DEVC? 34        0.50              0.72           0.36                    
              DEVC? 35        0.50              0.72           0.36                    
              DEVC? 36        0.50              0.72           0.36                    
              DEVC? 37        0.50              0.72           0.36                    
              DEVC? 38        0.94              0.38           0.36                    
              DEVC? 39        0.50              0.72           0.36                    
              DEVC? 40        0.38              0.96           0.36                    
                                                                         3.60     12960
ENT_1368m3h   DEVC? 41        0.50              0.76           0.38                    
              DEVC? 42        0.50              0.76           0.38                    
              DEVC? 43        0.50              0.76           0.38                    
              DEVC? 44        0.38              1.01           0.38                    
              DEVC? 45        0.38              1.01           0.38                    
              DEVC? 46        0.38              1.01           0.38                    
              DEVC? 47        0.50              0.76           0.38                    
                                                                         2.66      9576
ENT_1512m3h   DEVC? 48        0.50              0.84           0.42                    
              DEVC? 49        0.50              0.84           0.42                    
              DEVC? 50        0.50              0.84           0.42                    
              DEVC? 51        0.38              1.12           0.42                    
                                                                         1.68      6048
ENT_1656m3h   DEVC? 52        0.50              0.92           0.46                    
              DEVC? 53        0.50              0.92           0.46                    
                                                                         0.92      3312
ENT_1728m3h   DEVC? 54        0.50              0.96           0.48                    
              DEVC? 55        0.38              1.28           0.48                    
                                                                         0.96      3456
ENT_1872m3h   DEVC? 56        0.50              1.04           0.52                    
                                                                         0.52      1872
ENT_2160m3h   DEVC? 57        0.50              1.20           0.60                    
              DEVC? 58        0.38              1.60           0.60                    
                                                                         1.20      4320
