\pgfplotsset{
% this *defines* a custom colormap ...
colormap={fds}{
rgb255=(0,0,255)
rgb255=(0,3,255)
rgb255=(0,7,255)
rgb255=(0,11,255)
rgb255=(0,15,255)
rgb255=(0,19,255)
rgb255=(0,23,255)
rgb255=(0,27,255)
rgb255=(0,31,255)
rgb255=(0,35,255)
rgb255=(0,39,255)
rgb255=(0,43,255)
rgb255=(0,47,255)
rgb255=(0,51,255)
rgb255=(0,55,255)
rgb255=(0,59,255)
rgb255=(0,63,255)
rgb255=(0,67,255)
rgb255=(0,71,255)
rgb255=(0,75,255)
rgb255=(0,79,255)
rgb255=(0,83,255)
rgb255=(0,87,255)
rgb255=(0,91,255)
rgb255=(0,95,255)
rgb255=(0,99,255)
rgb255=(0,103,255)
rgb255=(0,107,255)
rgb255=(0,111,255)
rgb255=(0,115,255)
rgb255=(0,119,255)
rgb255=(0,123,255)
rgb255=(0,127,255)
rgb255=(0,131,255)
rgb255=(0,135,255)
rgb255=(0,139,255)
rgb255=(0,143,255)
rgb255=(0,147,255)
rgb255=(0,151,255)
rgb255=(0,155,255)
rgb255=(0,159,255)
rgb255=(0,163,255)
rgb255=(0,167,255)
rgb255=(0,171,255)
rgb255=(0,175,255)
rgb255=(0,179,255)
rgb255=(0,183,255)
rgb255=(0,187,255)
rgb255=(0,191,255)
rgb255=(0,195,255)
rgb255=(0,199,255)
rgb255=(0,203,255)
rgb255=(0,207,255)
rgb255=(0,211,255)
rgb255=(0,215,255)
rgb255=(0,219,255)
rgb255=(0,223,255)
rgb255=(0,227,255)
rgb255=(0,231,255)
rgb255=(0,235,255)
rgb255=(0,239,255)
rgb255=(0,243,255)
rgb255=(0,247,255)
rgb255=(0,251,255)
rgb255=(0,255,255)
rgb255=(3,255,251)
rgb255=(7,255,247)
rgb255=(11,255,243)
rgb255=(15,255,239)
rgb255=(19,255,235)
rgb255=(23,255,231)
rgb255=(27,255,227)
rgb255=(31,255,223)
rgb255=(35,255,219)
rgb255=(39,255,215)
rgb255=(43,255,211)
rgb255=(47,255,207)
rgb255=(51,255,203)
rgb255=(55,255,199)
rgb255=(59,255,195)
rgb255=(63,255,191)
rgb255=(67,255,187)
rgb255=(71,255,183)
rgb255=(75,255,179)
rgb255=(79,255,175)
rgb255=(83,255,171)
rgb255=(87,255,167)
rgb255=(91,255,163)
rgb255=(95,255,159)
rgb255=(99,255,155)
rgb255=(103,255,151)
rgb255=(107,255,147)
rgb255=(111,255,143)
rgb255=(115,255,139)
rgb255=(119,255,135)
rgb255=(123,255,131)
rgb255=(127,255,127)
rgb255=(131,255,123)
rgb255=(135,255,119)
rgb255=(139,255,115)
rgb255=(143,255,111)
rgb255=(147,255,107)
rgb255=(151,255,103)
rgb255=(155,255,99)
rgb255=(159,255,95)
rgb255=(163,255,91)
rgb255=(167,255,87)
rgb255=(171,255,83)
rgb255=(175,255,79)
rgb255=(179,255,75)
rgb255=(183,255,71)
rgb255=(187,255,67)
rgb255=(191,255,63)
rgb255=(195,255,59)
rgb255=(199,255,55)
rgb255=(203,255,51)
rgb255=(207,255,47)
rgb255=(211,255,43)
rgb255=(215,255,39)
rgb255=(219,255,35)
rgb255=(223,255,31)
rgb255=(227,255,27)
rgb255=(231,255,23)
rgb255=(235,255,19)
rgb255=(239,255,15)
rgb255=(243,255,11)
rgb255=(247,255,7)
rgb255=(251,255,3)
rgb255=(255,255,0)
rgb255=(255,251,0)
rgb255=(255,247,0)
rgb255=(255,243,0)
rgb255=(255,239,0)
rgb255=(255,235,0)
rgb255=(255,231,0)
rgb255=(255,227,0)
rgb255=(255,223,0)
rgb255=(255,219,0)
rgb255=(255,215,0)
rgb255=(255,211,0)
rgb255=(255,207,0)
rgb255=(255,203,0)
rgb255=(255,199,0)
rgb255=(255,195,0)
rgb255=(255,191,0)
rgb255=(255,187,0)
rgb255=(255,183,0)
rgb255=(255,179,0)
rgb255=(255,175,0)
rgb255=(255,171,0)
rgb255=(255,167,0)
rgb255=(255,163,0)
rgb255=(255,159,0)
rgb255=(255,155,0)
rgb255=(255,151,0)
rgb255=(255,147,0)
rgb255=(255,143,0)
rgb255=(255,139,0)
rgb255=(255,135,0)
rgb255=(255,131,0)
rgb255=(255,127,0)
rgb255=(255,123,0)
rgb255=(255,119,0)
rgb255=(255,115,0)
rgb255=(255,111,0)
rgb255=(255,107,0)
rgb255=(255,103,0)
rgb255=(255,99,0)
rgb255=(255,95,0)
rgb255=(255,91,0)
rgb255=(255,87,0)
rgb255=(255,83,0)
rgb255=(255,79,0)
rgb255=(255,75,0)
rgb255=(255,71,0)
rgb255=(255,67,0)
rgb255=(255,63,0)
rgb255=(255,59,0)
rgb255=(255,55,0)
rgb255=(255,51,0)
rgb255=(255,47,0)
rgb255=(255,43,0)
rgb255=(255,39,0)
rgb255=(255,35,0)
rgb255=(255,31,0)
rgb255=(255,27,0)
rgb255=(255,23,0)
rgb255=(255,19,0)
rgb255=(255,15,0)
rgb255=(255,11,0)
rgb255=(255,7,0)
rgb255=(255,3,0)
rgb255=(255,0,0)
  },
}

